# Go Application for read a file "people.json"

Then sort the file by the name 

Search in the file by devide and conqure method

to Run the file :

          go run main.go
          
          go run main2.go
          
# main2.go is sorting by the person number  and gives all the matches

Output looks:
          
          Sorted by timestamp:
{Person5 Jones 2022-05-21 00:48:47}

{Person12 Jones 2022-06-28 16:38:37}

{Person19 Jones 2022-07-12 22:48:50}

{Person8 Miller 2022-07-16 04:38:23}

{Person17 Johnson 2022-07-21 16:40:07}

{Person11 Williams 2022-07-25 08:50:34}

{Person4 Johnson 2022-08-01 13:23:37}

{Person9 Jones 2022-08-04 12:39:08}

{Person18 Miller 2022-08-07 05:43:02}

{Person14 Smith 2022-08-16 13:04:02}

{Person2 Jones 2022-09-18 11:43:57}

{Person10 Johnson 2022-10-02 23:48:02}

{Person1 Smith 2022-10-13 23:57:55}

{Person15 Johnson 2022-11-05 16:52:00}

{Person16 Miller 2022-11-11 02:22:01}

{Person13 Johnson 2022-11-30 10:51:57}

{Person7 Miller 2022-12-02 23:52:13}

{Person20 Jones 2023-01-22 01:47:36}

{Person3 Johnson 2023-02-16 13:28:54}

{Person6 Miller 2023-04-04 20:28:00}

Sorted by name:

{Person13 Johnson 2022-11-30 10:51:57}

{Person3 Johnson 2023-02-16 13:28:54}

{Person4 Johnson 2022-08-01 13:23:37}

{Person15 Johnson 2022-11-05 16:52:00}

{Person17 Johnson 2022-07-21 16:40:07}

{Person10 Johnson 2022-10-02 23:48:02}

{Person12 Jones 2022-06-28 16:38:37}

{Person5 Jones 2022-05-21 00:48:47}

{Person19 Jones 2022-07-12 22:48:50}

{Person2 Jones 2022-09-18 11:43:57}

{Person20 Jones 2023-01-22 01:47:36}

{Person9 Jones 2022-08-04 12:39:08}

{Person8 Miller 2022-07-16 04:38:23}

{Person7 Miller 2022-12-02 23:52:13}

{Person6 Miller 2023-04-04 20:28:00}

{Person16 Miller 2022-11-11 02:22:01}

{Person18 Miller 2022-08-07 05:43:02}

{Person1 Smith 2022-10-13 23:57:55}

{Person14 Smith 2022-08-16 13:04:02}

{Person11 Williams 2022-07-25 08:50:34}

Enter name to search for: Smith

{Person1 Smith 2022-10-13 23:57:55}
          
